[
	{
		"FName": "https://gravitate-1.cytera.cyi.ac.cy/repository/Bar_Ilan_University_Gath_Jars/Jar01_01/Jar01_01_scan1/Intermediate_Models/Jar01_01.ply",
		"Mode": "Unknown",
		"Fragment": {
			"FName": "https://gravitate-1.cytera.cyi.ac.cy/repository/Bar_Ilan_University_Gath_Jars/Jar01_09/Jar01_09_scan1/Intermediate_Models/Jar01_09.ply",
			"Mode": "Unknown",
			"R": [
				[-0.3607326783,0.5244136235,-0.7712731593],
				[-0.9316046502,-0.1630978935,0.3248258808],
				[0.0445500895,0.8356969718,0.5473809102]
			],
			"T": [7.11932313,45.21320332,903.3555274]
		},
		"R": [
			[1,0,0],
			[0,1,0],
			[0,0,1]
		],
		"T": [0,0,0]
	},
	{
		"FName": "https://gravitate-1.cytera.cyi.ac.cy/repository/Bar_Ilan_University_Gath_Jars/Jar01_01/Jar01_01_scan1/Intermediate_Models/Jar01_01.ply",
		"Mode": "Unknown",
		"Fragment": {
			"FName": "https://gravitate-1.cytera.cyi.ac.cy/repository/Bar_Ilan_University_Gath_Jars/Jar01_09/Jar01_09_scan1/Intermediate_Models/Jar01_09.ply",
			"Mode": "Unknown",
			"R": [
				[-0.3766088803,0.4904061144,-0.7859183127],
				[-0.9263399095,-0.1922623564,0.3239283229],
				[0.00775392343,0.8500217816,0.5266904664]
			],
			"T": [8.925434638,45.02277696,904.8680441]
		},
		"R": [
			[1,0,0],
			[0,1,0],
			[0,0,1]
		],
		"T": [0,0,0]
	},
	{
		"FName": "https://gravitate-1.cytera.cyi.ac.cy/repository/Bar_Ilan_University_Gath_Jars/Jar01_01/Jar01_01_scan1/Intermediate_Models/Jar01_01.ply",
		"Mode": "Unknown",
		"Fragment": {
			"FName": "https://gravitate-1.cytera.cyi.ac.cy/repository/Bar_Ilan_University_Gath_Jars/Jar01_09/Jar01_09_scan1/Intermediate_Models/Jar01_09.ply",
			"Mode": "Unknown",
			"R": [
				[-0.3607326783,0.5244136235,-0.7712731593],
				[-0.9316046502,-0.1630978935,0.3248258808],
				[0.0445500895,0.8356969718,0.5473809102]
			],
			"T": [7.11932313,45.21320332,903.3555274]
		},
		"R": [
			[1,0,0],
			[0,1,0],
			[0,0,1]
		],
		"T": [0,0,0]
	},
	{
		"FName": "https://gravitate-1.cytera.cyi.ac.cy/repository/Bar_Ilan_University_Gath_Jars/Jar01_01/Jar01_01_scan1/Intermediate_Models/Jar01_01.ply",
		"Mode": "Unknown",
		"Fragment": {
			"FName": "https://gravitate-1.cytera.cyi.ac.cy/repository/Bar_Ilan_University_Gath_Jars/Jar01_09/Jar01_09_scan1/Intermediate_Models/Jar01_09.ply",
			"Mode": "Unknown",
			"R": [
				[0.6993236936,-0.6960402474,0.1627093898],
				[0.7132539425,0.6944754291,-0.09472429399],
				[-0.04706575228,0.1822960569,0.9821165728]
			],
			"T": [-10.43624017,43.47425577,898.6457713]
		},
		"R": [
			[1,0,0],
			[0,1,0],
			[0,0,1]
		],
		"T": [0,0,0]
	},
	{
		"FName": "https://gravitate-1.cytera.cyi.ac.cy/repository/Bar_Ilan_University_Gath_Jars/Jar01_01/Jar01_01_scan1/Intermediate_Models/Jar01_01.ply",
		"Mode": "Unknown",
		"Fragment": {
			"FName": "https://gravitate-1.cytera.cyi.ac.cy/repository/Bar_Ilan_University_Gath_Jars/Jar01_09/Jar01_09_scan1/Intermediate_Models/Jar01_09.ply",
			"Mode": "Unknown",
			"R": [
				[0.9931913071,0.07551778323,-0.08870226584],
				[-0.1037527707,0.9196700449,-0.3787378659],
				[0.05297537275,0.3853622619,0.9212434732]
			],
			"T": [-56.81521833,56.7492163,885.8572907]
		},
		"R": [
			[1,0,0],
			[0,1,0],
			[0,0,1]
		],
		"T": [0,0,0]
	},
	{
		"FName": "https://gravitate-1.cytera.cyi.ac.cy/repository/Bar_Ilan_University_Gath_Jars/Jar01_01/Jar01_01_scan1/Intermediate_Models/Jar01_01.ply",
		"Mode": "Unknown",
		"Fragment": {
			"FName": "https://gravitate-1.cytera.cyi.ac.cy/repository/Bar_Ilan_University_Gath_Jars/Jar01_09/Jar01_09_scan1/Intermediate_Models/Jar01_09.ply",
			"Mode": "Unknown",
			"R": [
				[-0.3341868621,0.5870456887,-0.7373577833],
				[-0.9424697114,-0.201197975,0.2669648252],
				[0.008365656777,0.7841535144,0.6205105008]
			],
			"T": [9.839015604,46.38280815,902.0259137]
		},
		"R": [
			[1,0,0],
			[0,1,0],
			[0,0,1]
		],
		"T": [0,0,0]
	},
	{
		"FName": "https://gravitate-1.cytera.cyi.ac.cy/repository/Bar_Ilan_University_Gath_Jars/Jar01_01/Jar01_01_scan1/Intermediate_Models/Jar01_01.ply",
		"Mode": "Unknown",
		"Fragment": {
			"FName": "https://gravitate-1.cytera.cyi.ac.cy/repository/Bar_Ilan_University_Gath_Jars/Jar01_09/Jar01_09_scan1/Intermediate_Models/Jar01_09.ply",
			"Mode": "Unknown",
			"R": [
				[0.9931913071,0.07551778323,-0.08870226584],
				[-0.1037527707,0.9196700449,-0.3787378659],
				[0.05297537275,0.3853622619,0.9212434732]
			],
			"T": [-56.81521833,56.7492163,885.8572907]
		},
		"R": [
			[1,0,0],
			[0,1,0],
			[0,0,1]
		],
		"T": [0,0,0]
	},
	{
		"FName": "https://gravitate-1.cytera.cyi.ac.cy/repository/Bar_Ilan_University_Gath_Jars/Jar01_01/Jar01_01_scan1/Intermediate_Models/Jar01_01.ply",
		"Mode": "Unknown",
		"Fragment": {
			"FName": "https://gravitate-1.cytera.cyi.ac.cy/repository/Bar_Ilan_University_Gath_Jars/Jar01_09/Jar01_09_scan1/Intermediate_Models/Jar01_09.ply",
			"Mode": "Unknown",
			"R": [
				[-0.3341868621,0.5870456887,-0.7373577833],
				[-0.9424697114,-0.201197975,0.2669648252],
				[0.008365656777,0.7841535144,0.6205105008]
			],
			"T": [9.839015604,46.38280815,902.0259137]
		},
		"R": [
			[1,0,0],
			[0,1,0],
			[0,0,1]
		],
		"T": [0,0,0]
	},
	{
		"FName": "https://gravitate-1.cytera.cyi.ac.cy/repository/Bar_Ilan_University_Gath_Jars/Jar01_01/Jar01_01_scan1/Intermediate_Models/Jar01_01.ply",
		"Mode": "Unknown",
		"Fragment": {
			"FName": "https://gravitate-1.cytera.cyi.ac.cy/repository/Bar_Ilan_University_Gath_Jars/Jar01_09/Jar01_09_scan1/Intermediate_Models/Jar01_09.ply",
			"Mode": "Unknown",
			"R": [
				[-0.3021009173,-0.7402508875,0.6006360457],
				[-0.950210467,0.1833479623,-0.2519595069],
				[0.07638785351,-0.6468478556,-0.7587837291]
			],
			"T": [-52.55991472,85.27083702,891.1888088]
		},
		"R": [
			[1,0,0],
			[0,1,0],
			[0,0,1]
		],
		"T": [0,0,0]
	},
	{
		"FName": "https://gravitate-1.cytera.cyi.ac.cy/repository/Bar_Ilan_University_Gath_Jars/Jar01_01/Jar01_01_scan1/Intermediate_Models/Jar01_01.ply",
		"Mode": "Unknown",
		"Fragment": {
			"FName": "https://gravitate-1.cytera.cyi.ac.cy/repository/Bar_Ilan_University_Gath_Jars/Jar01_09/Jar01_09_scan1/Intermediate_Models/Jar01_09.ply",
			"Mode": "Unknown",
			"R": [
				[0.1460723608,0.7840972107,-0.6032034727],
				[0.989174432,-0.1244118661,0.07781793282],
				[-0.01402884561,-0.6080405017,-0.7937820481]
			],
			"T": [-31.42700737,82.28268119,892.1970557]
		},
		"R": [
			[1,0,0],
			[0,1,0],
			[0,0,1]
		],
		"T": [0,0,0]
	},
	{
		"FName": "https://gravitate-1.cytera.cyi.ac.cy/repository/Bar_Ilan_University_Gath_Jars/Jar01_01/Jar01_01_scan1/Intermediate_Models/Jar01_01.ply",
		"Mode": "Unknown",
		"Fragment": {
			"FName": "https://gravitate-1.cytera.cyi.ac.cy/repository/Bar_Ilan_University_Gath_Jars/Jar01_09/Jar01_09_scan1/Intermediate_Models/Jar01_09.ply",
			"Mode": "Unknown",
			"R": [
				[0.5659583626,0.7791632959,-0.2694358738],
				[0.8168000838,-0.5742991824,0.05493698379],
				[-0.1119319207,-0.2511672897,-0.9614500703]
			],
			"T": [3.071693408,38.28711392,910.1958703]
		},
		"R": [
			[1,0,0],
			[0,1,0],
			[0,0,1]
		],
		"T": [0,0,0]
	},
	{
		"FName": "https://gravitate-1.cytera.cyi.ac.cy/repository/Bar_Ilan_University_Gath_Jars/Jar01_01/Jar01_01_scan1/Intermediate_Models/Jar01_01.ply",
		"Mode": "Unknown",
		"Fragment": {
			"FName": "https://gravitate-1.cytera.cyi.ac.cy/repository/Bar_Ilan_University_Gath_Jars/Jar01_09/Jar01_09_scan1/Intermediate_Models/Jar01_09.ply",
			"Mode": "Unknown",
			"R": [
				[-0.9437807765,0.3196858838,-0.08413549518],
				[0.27349508,0.6121512685,-0.741937508],
				[-0.1856832979,-0.7232370014,-0.6651691159]
			],
			"T": [2.59296012,44.78641572,907.1034893]
		},
		"R": [
			[1,0,0],
			[0,1,0],
			[0,0,1]
		],
		"T": [0,0,0]
	},
	{
		"FName": "https://gravitate-1.cytera.cyi.ac.cy/repository/Bar_Ilan_University_Gath_Jars/Jar01_01/Jar01_01_scan1/Intermediate_Models/Jar01_01.ply",
		"Mode": "Unknown",
		"Fragment": {
			"FName": "https://gravitate-1.cytera.cyi.ac.cy/repository/Bar_Ilan_University_Gath_Jars/Jar01_09/Jar01_09_scan1/Intermediate_Models/Jar01_09.ply",
			"Mode": "Unknown",
			"R": [
				[-0.07878431534,0.9220049522,-0.3790776962],
				[0.9582885821,-0.03474969657,-0.2836819556],
				[-0.2747290028,-0.3856155166,-0.8808090873]
			],
			"T": [-45.42582708,43.20999822,896.8398187]
		},
		"R": [
			[1,0,0],
			[0,1,0],
			[0,0,1]
		],
		"T": [0,0,0]
	},
	{
		"FName": "https://gravitate-1.cytera.cyi.ac.cy/repository/Bar_Ilan_University_Gath_Jars/Jar01_01/Jar01_01_scan1/Intermediate_Models/Jar01_01.ply",
		"Mode": "Unknown",
		"Fragment": {
			"FName": "https://gravitate-1.cytera.cyi.ac.cy/repository/Bar_Ilan_University_Gath_Jars/Jar01_09/Jar01_09_scan1/Intermediate_Models/Jar01_09.ply",
			"Mode": "Unknown",
			"R": [
				[0.9316883403,0.1997720211,0.3033940938],
				[0.0121400234,-0.8518582998,0.5236316042],
				[0.3630557208,-0.4841782488,-0.7960916825]
			],
			"T": [-57.8660839,46.68338839,889.3011692]
		},
		"R": [
			[1,0,0],
			[0,1,0],
			[0,0,1]
		],
		"T": [0,0,0]
	},
	{
		"FName": "https://gravitate-1.cytera.cyi.ac.cy/repository/Bar_Ilan_University_Gath_Jars/Jar01_01/Jar01_01_scan1/Intermediate_Models/Jar01_01.ply",
		"Mode": "Unknown",
		"Fragment": {
			"FName": "https://gravitate-1.cytera.cyi.ac.cy/repository/Bar_Ilan_University_Gath_Jars/Jar01_09/Jar01_09_scan1/Intermediate_Models/Jar01_09.ply",
			"Mode": "Unknown",
			"R": [
				[-0.07878431534,0.9220049522,-0.3790776962],
				[0.9582885821,-0.03474969657,-0.2836819556],
				[-0.2747290028,-0.3856155166,-0.8808090873]
			],
			"T": [-45.42582708,43.20999822,896.8398187]
		},
		"R": [
			[1,0,0],
			[0,1,0],
			[0,0,1]
		],
		"T": [0,0,0]
	},
	{
		"FName": "https://gravitate-1.cytera.cyi.ac.cy/repository/Bar_Ilan_University_Gath_Jars/Jar01_01/Jar01_01_scan1/Intermediate_Models/Jar01_01.ply",
		"Mode": "Unknown",
		"Fragment": {
			"FName": "https://gravitate-1.cytera.cyi.ac.cy/repository/Bar_Ilan_University_Gath_Jars/Jar01_09/Jar01_09_scan1/Intermediate_Models/Jar01_09.ply",
			"Mode": "Unknown",
			"R": [
				[0.9316883403,0.1997720211,0.3033940938],
				[0.0121400234,-0.8518582998,0.5236316042],
				[0.3630557208,-0.4841782488,-0.7960916825]
			],
			"T": [-57.8660839,46.68338839,889.3011692]
		},
		"R": [
			[1,0,0],
			[0,1,0],
			[0,0,1]
		],
		"T": [0,0,0]
	}
]
